4 0.490625 0.470833 0.046875 0.058333
1 0.490625 0.363542 0.046875 0.043750
0 0.490625 0.493750 0.062500 0.262500
3 0.725000 0.500000 0.040625 0.041667
1 0.725000 0.376042 0.056250 0.052083
0 0.725000 0.532292 0.071875 0.314583
3 0.565625 0.533333 0.050000 0.054167
2 0.565625 0.404167 0.046875 0.062500
0 0.565625 0.570833 0.081250 0.366667
3 0.871875 0.567708 0.062500 0.068750
1 0.871875 0.401042 0.071875 0.068750
0 0.871875 0.609375 0.093750 0.418750
3 0.229687 0.604167 0.071875 0.075000
2 0.229687 0.431250 0.062500 0.083333
0 0.229687 0.646875 0.103125 0.472917
