4 0.243750 0.477083 0.050000 0.062500
1 0.243750 0.367708 0.046875 0.043750
0 0.243750 0.502083 0.065625 0.270833
4 0.612500 0.518750 0.059375 0.075000
1 0.612500 0.379167 0.059375 0.058333
0 0.612500 0.546875 0.075000 0.335417
3 0.531250 0.556250 0.056250 0.058333
1 0.531250 0.394792 0.071875 0.068750
0 0.531250 0.592708 0.087500 0.397917
3 0.776563 0.594792 0.068750 0.077083
2 0.776563 0.429167 0.059375 0.079167
0 0.776563 0.638542 0.100000 0.460417
5 0.232813 0.821875 0.259375 0.189583
5 0.626563 0.806250 0.303125 0.220833
