3 0.839063 0.453125 0.028125 0.022917
2 0.839063 0.368750 0.031250 0.041667
0 0.839063 0.480208 0.059375 0.243750
3 0.364063 0.473958 0.034375 0.035417
2 0.364063 0.379167 0.034375 0.045833
0 0.364063 0.506250 0.065625 0.279167
3 0.626563 0.500000 0.040625 0.041667
1 0.626563 0.376042 0.056250 0.052083
0 0.626563 0.532292 0.071875 0.314583
3 0.125000 0.520833 0.046875 0.050000
1 0.125000 0.383333 0.059375 0.058333
0 0.125000 0.557292 0.078125 0.347917
3 0.235937 0.546875 0.053125 0.056250
1 0.235937 0.391667 0.068750 0.066667
0 0.235937 0.583333 0.084375 0.383333
4 0.459375 0.572917 0.078125 0.100000
1 0.459375 0.401042 0.071875 0.068750
0 0.459375 0.609375 0.093750 0.418750
