4 0.523438 0.463542 0.046875 0.060417
2 0.523438 0.370833 0.031250 0.041667
0 0.523438 0.487500 0.062500 0.254167
4 0.212500 0.494792 0.053125 0.068750
1 0.212500 0.372917 0.050000 0.050000
0 0.212500 0.521875 0.068750 0.297917
3 0.364063 0.517708 0.046875 0.047917
2 0.364063 0.395833 0.043750 0.058333
0 0.364063 0.553125 0.078125 0.343750
3 0.876563 0.547917 0.056250 0.058333
2 0.876563 0.408333 0.050000 0.066667
0 0.876563 0.586458 0.087500 0.389583
3 0.610938 0.578125 0.065625 0.068750
1 0.610938 0.402083 0.078125 0.075000
0 0.610938 0.618750 0.096875 0.433333
4 0.100000 0.613542 0.087500 0.110417
2 0.100000 0.433333 0.062500 0.083333
0 0.100000 0.652083 0.103125 0.479167
5 0.473438 0.823958 0.253125 0.185417
