3 0.648438 0.465625 0.031250 0.027083
1 0.648438 0.363542 0.046875 0.043750
0 0.648438 0.493750 0.062500 0.262500
4 0.582812 0.505208 0.056250 0.072917
1 0.582812 0.376042 0.056250 0.052083
0 0.582812 0.532292 0.071875 0.314583
4 0.351562 0.538542 0.065625 0.085417
1 0.351562 0.388542 0.065625 0.060417
0 0.351562 0.570833 0.081250 0.366667
3 0.479687 0.567708 0.062500 0.068750
2 0.479687 0.418750 0.053125 0.070833
0 0.479687 0.609375 0.093750 0.418750
3 0.790625 0.604167 0.071875 0.075000
2 0.790625 0.431250 0.062500 0.083333
0 0.790625 0.646875 0.103125 0.472917
6 0.657813 0.752083 0.200000 0.300000
