4 0.237500 0.463542 0.046875 0.060417
1 0.237500 0.360417 0.043750 0.041667
0 0.237500 0.487500 0.062500 0.254167
3 0.650000 0.489583 0.037500 0.037500
1 0.650000 0.372917 0.050000 0.050000
0 0.650000 0.521875 0.068750 0.297917
3 0.171875 0.517708 0.046875 0.047917
1 0.171875 0.381250 0.059375 0.058333
0 0.171875 0.553125 0.078125 0.343750
3 0.846875 0.547917 0.056250 0.058333
2 0.846875 0.408333 0.050000 0.066667
0 0.846875 0.586458 0.087500 0.389583
4 0.504687 0.583333 0.081250 0.100000
1 0.504687 0.402083 0.078125 0.075000
0 0.504687 0.618750 0.096875 0.433333
3 0.340625 0.608333 0.071875 0.079167
1 0.340625 0.412500 0.087500 0.083333
0 0.340625 0.652083 0.103125 0.479167
5 0.300000 0.806250 0.303125 0.220833
