4 0.454688 0.470833 0.046875 0.058333
1 0.454688 0.363542 0.046875 0.043750
0 0.454688 0.493750 0.062500 0.262500
3 0.228125 0.500000 0.040625 0.041667
1 0.228125 0.376042 0.056250 0.052083
0 0.228125 0.532292 0.071875 0.314583
3 0.793750 0.533333 0.050000 0.054167
1 0.793750 0.388542 0.065625 0.060417
0 0.793750 0.570833 0.081250 0.366667
3 0.626563 0.567708 0.062500 0.068750
1 0.626563 0.401042 0.071875 0.068750
0 0.626563 0.609375 0.093750 0.418750
4 0.365625 0.609375 0.087500 0.106250
1 0.365625 0.410417 0.087500 0.083333
0 0.365625 0.646875 0.103125 0.472917
5 0.726562 0.815625 0.278125 0.202083
