4 0.614062 0.470833 0.046875 0.058333
1 0.614062 0.363542 0.046875 0.043750
0 0.614062 0.493750 0.062500 0.262500
4 0.712500 0.505208 0.056250 0.072917
1 0.712500 0.376042 0.056250 0.052083
0 0.712500 0.532292 0.071875 0.314583
3 0.781250 0.533333 0.050000 0.054167
2 0.781250 0.404167 0.046875 0.062500
0 0.781250 0.570833 0.081250 0.366667
3 0.465625 0.567708 0.062500 0.068750
1 0.465625 0.401042 0.071875 0.068750
0 0.465625 0.609375 0.093750 0.418750
3 0.218750 0.604167 0.071875 0.075000
1 0.218750 0.410417 0.087500 0.083333
0 0.218750 0.646875 0.103125 0.472917
