3 0.810937 0.453125 0.028125 0.022917
1 0.810937 0.358333 0.043750 0.041667
0 0.810937 0.480208 0.059375 0.243750
3 0.639062 0.473958 0.034375 0.035417
1 0.639062 0.367708 0.046875 0.043750
0 0.639062 0.506250 0.065625 0.279167
3 0.129688 0.500000 0.040625 0.041667
2 0.129688 0.389583 0.040625 0.054167
0 0.129688 0.532292 0.071875 0.314583
4 0.531250 0.526042 0.062500 0.081250
1 0.531250 0.383333 0.059375 0.058333
0 0.531250 0.557292 0.078125 0.347917
3 0.278125 0.546875 0.053125 0.056250
1 0.278125 0.391667 0.068750 0.066667
0 0.278125 0.583333 0.084375 0.383333
3 0.895312 0.567708 0.062500 0.068750
1 0.895312 0.401042 0.071875 0.068750
0 0.895312 0.609375 0.093750 0.418750
3 0.417187 0.590625 0.068750 0.072917
1 0.417187 0.407292 0.081250 0.077083
0 0.417187 0.633333 0.100000 0.454167
