4 0.809375 0.458333 0.043750 0.054167
1 0.809375 0.358333 0.043750 0.041667
0 0.809375 0.480208 0.059375 0.243750
3 0.885938 0.473958 0.034375 0.035417
1 0.885938 0.367708 0.046875 0.043750
0 0.885938 0.506250 0.065625 0.279167
3 0.439063 0.500000 0.040625 0.041667
1 0.439063 0.376042 0.056250 0.052083
0 0.439063 0.532292 0.071875 0.314583
4 0.721875 0.526042 0.062500 0.081250
1 0.721875 0.383333 0.059375 0.058333
0 0.721875 0.557292 0.078125 0.347917
4 0.543750 0.552083 0.068750 0.087500
1 0.543750 0.391667 0.068750 0.066667
0 0.543750 0.583333 0.084375 0.383333
3 0.101562 0.567708 0.062500 0.068750
1 0.101562 0.401042 0.071875 0.068750
0 0.101562 0.609375 0.093750 0.418750
3 0.264062 0.590625 0.068750 0.072917
1 0.264062 0.407292 0.081250 0.077083
0 0.264062 0.633333 0.100000 0.454167
