3 0.501563 0.458333 0.031250 0.029167
1 0.501563 0.360417 0.043750 0.041667
0 0.501563 0.487500 0.062500 0.254167
3 0.356250 0.489583 0.037500 0.037500
1 0.356250 0.372917 0.050000 0.050000
0 0.356250 0.521875 0.068750 0.297917
3 0.250000 0.517708 0.046875 0.047917
1 0.250000 0.381250 0.059375 0.058333
0 0.250000 0.553125 0.078125 0.343750
4 0.596875 0.553125 0.071875 0.089583
2 0.596875 0.408333 0.050000 0.066667
0 0.596875 0.586458 0.087500 0.389583
3 0.689063 0.578125 0.065625 0.068750
1 0.689063 0.402083 0.078125 0.075000
0 0.689063 0.618750 0.096875 0.433333
3 0.882812 0.608333 0.071875 0.079167
1 0.882812 0.412500 0.087500 0.083333
0 0.882812 0.652083 0.103125 0.479167
