3 0.443750 0.471875 0.034375 0.031250
1 0.443750 0.367708 0.046875 0.043750
0 0.443750 0.502083 0.065625 0.270833
3 0.728125 0.513542 0.043750 0.043750
2 0.728125 0.393750 0.043750 0.058333
0 0.728125 0.546875 0.075000 0.335417
3 0.204687 0.556250 0.056250 0.058333
2 0.204687 0.412500 0.053125 0.070833
0 0.204687 0.592708 0.087500 0.397917
4 0.354687 0.600000 0.084375 0.108333
1 0.354687 0.409375 0.081250 0.077083
0 0.354687 0.638542 0.100000 0.460417
5 0.534375 0.804167 0.309375 0.225000
5 0.464062 0.831250 0.237500 0.170833
