4 0.648438 0.470833 0.046875 0.058333
2 0.648438 0.375000 0.034375 0.045833
0 0.648438 0.493750 0.062500 0.262500
4 0.728125 0.505208 0.056250 0.072917
2 0.728125 0.389583 0.040625 0.054167
0 0.728125 0.532292 0.071875 0.314583
3 0.832812 0.533333 0.050000 0.054167
2 0.832812 0.404167 0.046875 0.062500
0 0.832812 0.570833 0.081250 0.366667
3 0.276562 0.567708 0.062500 0.068750
1 0.276562 0.401042 0.071875 0.068750
0 0.276562 0.609375 0.093750 0.418750
3 0.484375 0.604167 0.071875 0.075000
1 0.484375 0.410417 0.087500 0.083333
0 0.484375 0.646875 0.103125 0.472917
6 0.417187 0.587500 0.200000 0.300000
