3 0.734375 0.458333 0.031250 0.029167
1 0.734375 0.360417 0.043750 0.041667
0 0.734375 0.487500 0.062500 0.254167
4 0.859375 0.494792 0.053125 0.068750
1 0.859375 0.372917 0.050000 0.050000
0 0.859375 0.521875 0.068750 0.297917
4 0.482812 0.522917 0.062500 0.079167
1 0.482812 0.381250 0.059375 0.058333
0 0.482812 0.553125 0.078125 0.343750
3 0.287500 0.547917 0.056250 0.058333
1 0.287500 0.391667 0.068750 0.066667
0 0.287500 0.586458 0.087500 0.389583
3 0.106250 0.578125 0.065625 0.068750
2 0.106250 0.420833 0.056250 0.075000
0 0.106250 0.618750 0.096875 0.433333
3 0.382812 0.608333 0.071875 0.079167
1 0.382812 0.412500 0.087500 0.083333
0 0.382812 0.652083 0.103125 0.479167
5 0.510938 0.792708 0.340625 0.247917
