3 0.254688 0.453125 0.028125 0.022917
1 0.254688 0.358333 0.043750 0.041667
0 0.254688 0.480208 0.059375 0.243750
3 0.839063 0.473958 0.034375 0.035417
1 0.839063 0.367708 0.046875 0.043750
0 0.839063 0.506250 0.065625 0.279167
3 0.746875 0.500000 0.040625 0.041667
1 0.746875 0.376042 0.056250 0.052083
0 0.746875 0.532292 0.071875 0.314583
3 0.632812 0.520833 0.046875 0.050000
1 0.632812 0.383333 0.059375 0.058333
0 0.632812 0.557292 0.078125 0.347917
4 0.540625 0.552083 0.068750 0.087500
2 0.540625 0.408333 0.050000 0.066667
0 0.540625 0.583333 0.084375 0.383333
4 0.459375 0.572917 0.078125 0.100000
1 0.459375 0.401042 0.071875 0.068750
0 0.459375 0.609375 0.093750 0.418750
3 0.367188 0.590625 0.068750 0.072917
2 0.367188 0.427083 0.059375 0.079167
0 0.367188 0.633333 0.100000 0.454167
3 0.117188 0.614583 0.075000 0.083333
1 0.117188 0.416667 0.087500 0.083333
0 0.117188 0.660417 0.106250 0.487500
