4 0.187500 0.470833 0.046875 0.058333
1 0.187500 0.363542 0.046875 0.043750
0 0.187500 0.493750 0.062500 0.262500
3 0.578125 0.500000 0.040625 0.041667
2 0.578125 0.389583 0.040625 0.054167
0 0.578125 0.532292 0.071875 0.314583
3 0.871875 0.533333 0.050000 0.054167
1 0.871875 0.388542 0.065625 0.060417
0 0.871875 0.570833 0.081250 0.366667
3 0.718750 0.567708 0.062500 0.068750
2 0.718750 0.418750 0.053125 0.070833
0 0.718750 0.609375 0.093750 0.418750
4 0.364063 0.609375 0.087500 0.106250
2 0.364063 0.431250 0.062500 0.083333
0 0.364063 0.646875 0.103125 0.472917
5 0.204687 0.807292 0.300000 0.218750
