3 0.651563 0.465625 0.031250 0.027083
1 0.651563 0.363542 0.046875 0.043750
0 0.651563 0.493750 0.062500 0.262500
3 0.134375 0.500000 0.040625 0.041667
1 0.134375 0.376042 0.056250 0.052083
0 0.134375 0.532292 0.071875 0.314583
3 0.576562 0.533333 0.050000 0.054167
1 0.576562 0.388542 0.065625 0.060417
0 0.576562 0.570833 0.081250 0.366667
4 0.267188 0.572917 0.078125 0.100000
1 0.267188 0.401042 0.071875 0.068750
0 0.267188 0.609375 0.093750 0.418750
4 0.375000 0.609375 0.087500 0.106250
2 0.375000 0.431250 0.062500 0.083333
0 0.375000 0.646875 0.103125 0.472917
5 0.707812 0.806250 0.303125 0.220833
