3 0.115625 0.465625 0.031250 0.027083
2 0.115625 0.375000 0.034375 0.045833
0 0.115625 0.493750 0.062500 0.262500
3 0.792188 0.500000 0.040625 0.041667
1 0.792188 0.376042 0.056250 0.052083
0 0.792188 0.532292 0.071875 0.314583
4 0.617188 0.538542 0.065625 0.085417
1 0.617188 0.388542 0.065625 0.060417
0 0.617188 0.570833 0.081250 0.366667
4 0.395313 0.572917 0.078125 0.100000
1 0.395313 0.401042 0.071875 0.068750
0 0.395313 0.609375 0.093750 0.418750
4 0.214062 0.609375 0.087500 0.106250
1 0.214062 0.410417 0.087500 0.083333
0 0.214062 0.646875 0.103125 0.472917
