3 0.314063 0.453125 0.028125 0.022917
1 0.314063 0.358333 0.043750 0.041667
0 0.314063 0.480208 0.059375 0.243750
3 0.373437 0.473958 0.034375 0.035417
2 0.373437 0.379167 0.034375 0.045833
0 0.373437 0.506250 0.065625 0.279167
3 0.857812 0.500000 0.040625 0.041667
1 0.857812 0.376042 0.056250 0.052083
0 0.857812 0.532292 0.071875 0.314583
4 0.171875 0.526042 0.062500 0.081250
1 0.171875 0.383333 0.059375 0.058333
0 0.171875 0.557292 0.078125 0.347917
3 0.637500 0.546875 0.053125 0.056250
1 0.637500 0.391667 0.068750 0.066667
0 0.637500 0.583333 0.084375 0.383333
3 0.554688 0.567708 0.062500 0.068750
1 0.554688 0.401042 0.071875 0.068750
0 0.554688 0.609375 0.093750 0.418750
3 0.737500 0.614583 0.075000 0.083333
1 0.737500 0.416667 0.087500 0.083333
0 0.737500 0.660417 0.106250 0.487500
