3 0.795312 0.453125 0.028125 0.022917
2 0.795312 0.368750 0.031250 0.041667
0 0.795312 0.480208 0.059375 0.243750
3 0.117188 0.473958 0.034375 0.035417
1 0.117188 0.367708 0.046875 0.043750
0 0.117188 0.506250 0.065625 0.279167
3 0.854688 0.500000 0.040625 0.041667
1 0.854688 0.376042 0.056250 0.052083
0 0.854688 0.532292 0.071875 0.314583
3 0.196875 0.520833 0.046875 0.050000
1 0.196875 0.383333 0.059375 0.058333
0 0.196875 0.557292 0.078125 0.347917
3 0.717187 0.546875 0.053125 0.056250
1 0.717187 0.391667 0.068750 0.066667
0 0.717187 0.583333 0.084375 0.383333
3 0.620313 0.567708 0.062500 0.068750
2 0.620313 0.418750 0.053125 0.070833
0 0.620313 0.609375 0.093750 0.418750
3 0.315625 0.590625 0.068750 0.072917
2 0.315625 0.427083 0.059375 0.079167
0 0.315625 0.633333 0.100000 0.454167
3 0.489063 0.614583 0.075000 0.083333
2 0.489063 0.437500 0.062500 0.083333
0 0.489063 0.660417 0.106250 0.487500
