3 0.650000 0.458333 0.031250 0.029167
2 0.650000 0.370833 0.031250 0.041667
0 0.650000 0.487500 0.062500 0.254167
3 0.451562 0.489583 0.037500 0.037500
1 0.451562 0.372917 0.050000 0.050000
0 0.451562 0.521875 0.068750 0.297917
4 0.876563 0.522917 0.062500 0.079167
1 0.876563 0.381250 0.059375 0.058333
0 0.876563 0.553125 0.078125 0.343750
4 0.134375 0.553125 0.071875 0.089583
1 0.134375 0.391667 0.068750 0.066667
0 0.134375 0.586458 0.087500 0.389583
3 0.340625 0.578125 0.065625 0.068750
2 0.340625 0.420833 0.056250 0.075000
0 0.340625 0.618750 0.096875 0.433333
3 0.759375 0.608333 0.071875 0.079167
1 0.759375 0.412500 0.087500 0.083333
0 0.759375 0.652083 0.103125 0.479167
