3 0.687500 0.453125 0.028125 0.022917
2 0.687500 0.368750 0.031250 0.041667
0 0.687500 0.480208 0.059375 0.243750
3 0.182812 0.473958 0.034375 0.035417
1 0.182812 0.367708 0.046875 0.043750
0 0.182812 0.506250 0.065625 0.279167
3 0.490625 0.500000 0.040625 0.041667
2 0.490625 0.389583 0.040625 0.054167
0 0.490625 0.532292 0.071875 0.314583
3 0.410938 0.520833 0.046875 0.050000
2 0.410938 0.397917 0.043750 0.058333
0 0.410938 0.557292 0.078125 0.347917
3 0.598437 0.546875 0.053125 0.056250
1 0.598437 0.391667 0.068750 0.066667
0 0.598437 0.583333 0.084375 0.383333
3 0.832812 0.567708 0.062500 0.068750
2 0.832812 0.418750 0.053125 0.070833
0 0.832812 0.609375 0.093750 0.418750
3 0.321875 0.590625 0.068750 0.072917
1 0.321875 0.407292 0.081250 0.077083
0 0.321875 0.633333 0.100000 0.454167
