3 0.754687 0.465625 0.031250 0.027083
2 0.754687 0.375000 0.034375 0.045833
0 0.754687 0.493750 0.062500 0.262500
4 0.137500 0.505208 0.056250 0.072917
1 0.137500 0.376042 0.056250 0.052083
0 0.137500 0.532292 0.071875 0.314583
3 0.281250 0.533333 0.050000 0.054167
2 0.281250 0.404167 0.046875 0.062500
0 0.281250 0.570833 0.081250 0.366667
3 0.471875 0.567708 0.062500 0.068750
1 0.471875 0.401042 0.071875 0.068750
0 0.471875 0.609375 0.093750 0.418750
3 0.617188 0.604167 0.071875 0.075000
1 0.617188 0.410417 0.087500 0.083333
0 0.617188 0.646875 0.103125 0.472917
