4 0.546875 0.463542 0.046875 0.060417
2 0.546875 0.370833 0.031250 0.041667
0 0.546875 0.487500 0.062500 0.254167
3 0.675000 0.489583 0.037500 0.037500
1 0.675000 0.372917 0.050000 0.050000
0 0.675000 0.521875 0.068750 0.297917
4 0.332813 0.522917 0.062500 0.079167
1 0.332813 0.381250 0.059375 0.058333
0 0.332813 0.553125 0.078125 0.343750
4 0.446875 0.553125 0.071875 0.089583
2 0.446875 0.408333 0.050000 0.066667
0 0.446875 0.586458 0.087500 0.389583
3 0.795312 0.578125 0.065625 0.068750
1 0.795312 0.402083 0.078125 0.075000
0 0.795312 0.618750 0.096875 0.433333
3 0.135937 0.608333 0.071875 0.079167
1 0.135937 0.412500 0.087500 0.083333
0 0.135937 0.652083 0.103125 0.479167
6 0.287500 0.625000 0.200000 0.300000
