4 0.851562 0.458333 0.043750 0.054167
2 0.851562 0.368750 0.031250 0.041667
0 0.851562 0.480208 0.059375 0.243750
4 0.260937 0.479167 0.050000 0.066667
1 0.260937 0.367708 0.046875 0.043750
0 0.260937 0.506250 0.065625 0.279167
3 0.742188 0.500000 0.040625 0.041667
2 0.742188 0.389583 0.040625 0.054167
0 0.742188 0.532292 0.071875 0.314583
3 0.620313 0.520833 0.046875 0.050000
2 0.620313 0.397917 0.043750 0.058333
0 0.620313 0.557292 0.078125 0.347917
3 0.342187 0.546875 0.053125 0.056250
2 0.342187 0.408333 0.050000 0.066667
0 0.342187 0.583333 0.084375 0.383333
3 0.439063 0.567708 0.062500 0.068750
2 0.439063 0.418750 0.053125 0.070833
0 0.439063 0.609375 0.093750 0.418750
3 0.167187 0.590625 0.068750 0.072917
1 0.167187 0.407292 0.081250 0.077083
0 0.167187 0.633333 0.100000 0.454167
5 0.707812 0.818750 0.268750 0.195833
