3 0.318750 0.453125 0.028125 0.022917
2 0.318750 0.368750 0.031250 0.041667
0 0.318750 0.480208 0.059375 0.243750
3 0.446875 0.473958 0.034375 0.035417
2 0.446875 0.379167 0.034375 0.045833
0 0.446875 0.506250 0.065625 0.279167
4 0.632812 0.505208 0.056250 0.072917
2 0.632812 0.389583 0.040625 0.054167
0 0.632812 0.532292 0.071875 0.314583
3 0.565625 0.520833 0.046875 0.050000
1 0.565625 0.383333 0.059375 0.058333
0 0.565625 0.557292 0.078125 0.347917
3 0.217188 0.546875 0.053125 0.056250
2 0.217188 0.408333 0.050000 0.066667
0 0.217188 0.583333 0.084375 0.383333
4 0.876563 0.572917 0.078125 0.100000
2 0.876563 0.418750 0.053125 0.070833
0 0.876563 0.609375 0.093750 0.418750
3 0.103125 0.590625 0.068750 0.072917
1 0.103125 0.407292 0.081250 0.077083
0 0.103125 0.633333 0.100000 0.454167
3 0.782813 0.614583 0.075000 0.083333
1 0.782813 0.416667 0.087500 0.083333
0 0.782813 0.660417 0.106250 0.487500
