3 0.404687 0.465625 0.031250 0.027083
2 0.404687 0.375000 0.034375 0.045833
0 0.404687 0.493750 0.062500 0.262500
3 0.626563 0.500000 0.040625 0.041667
1 0.626563 0.376042 0.056250 0.052083
0 0.626563 0.532292 0.071875 0.314583
3 0.806250 0.533333 0.050000 0.054167
1 0.806250 0.388542 0.065625 0.060417
0 0.806250 0.570833 0.081250 0.366667
3 0.514062 0.567708 0.062500 0.068750
2 0.514062 0.418750 0.053125 0.070833
0 0.514062 0.609375 0.093750 0.418750
4 0.239063 0.609375 0.087500 0.106250
1 0.239063 0.410417 0.087500 0.083333
0 0.239063 0.646875 0.103125 0.472917
