3 0.268750 0.471875 0.034375 0.031250
1 0.268750 0.367708 0.046875 0.043750
0 0.268750 0.502083 0.065625 0.270833
3 0.768750 0.513542 0.043750 0.043750
1 0.768750 0.379167 0.059375 0.058333
0 0.768750 0.546875 0.075000 0.335417
4 0.553125 0.561458 0.071875 0.089583
1 0.553125 0.394792 0.071875 0.068750
0 0.553125 0.592708 0.087500 0.397917
3 0.170313 0.594792 0.068750 0.077083
1 0.170313 0.409375 0.081250 0.077083
0 0.170313 0.638542 0.100000 0.460417
5 0.789062 0.820833 0.265625 0.191667
5 0.339062 0.823958 0.256250 0.185417
