3 0.464062 0.465625 0.031250 0.027083
1 0.464062 0.363542 0.046875 0.043750
0 0.464062 0.493750 0.062500 0.262500
3 0.760938 0.500000 0.040625 0.041667
2 0.760938 0.389583 0.040625 0.054167
0 0.760938 0.532292 0.071875 0.314583
3 0.223438 0.533333 0.050000 0.054167
2 0.223438 0.404167 0.046875 0.062500
0 0.223438 0.570833 0.081250 0.366667
3 0.668750 0.567708 0.062500 0.068750
1 0.668750 0.401042 0.071875 0.068750
0 0.668750 0.609375 0.093750 0.418750
3 0.896875 0.604167 0.071875 0.075000
1 0.896875 0.410417 0.087500 0.083333
0 0.896875 0.646875 0.103125 0.472917
5 0.512500 0.827083 0.246875 0.179167
5 0.276562 0.821875 0.262500 0.189583
6 0.546875 0.402083 0.200000 0.300000
