3 0.696875 0.465625 0.031250 0.027083
1 0.696875 0.363542 0.046875 0.043750
0 0.696875 0.493750 0.062500 0.262500
3 0.526563 0.500000 0.040625 0.041667
1 0.526563 0.376042 0.056250 0.052083
0 0.526563 0.532292 0.071875 0.314583
4 0.375000 0.538542 0.065625 0.085417
1 0.375000 0.388542 0.065625 0.060417
0 0.375000 0.570833 0.081250 0.366667
3 0.281250 0.567708 0.062500 0.068750
2 0.281250 0.418750 0.053125 0.070833
0 0.281250 0.609375 0.093750 0.418750
4 0.812500 0.609375 0.087500 0.106250
2 0.812500 0.431250 0.062500 0.083333
0 0.812500 0.646875 0.103125 0.472917
