4 0.490625 0.470833 0.046875 0.058333
1 0.490625 0.363542 0.046875 0.043750
0 0.490625 0.493750 0.062500 0.262500
3 0.693750 0.500000 0.040625 0.041667
1 0.693750 0.376042 0.056250 0.052083
0 0.693750 0.532292 0.071875 0.314583
3 0.228125 0.533333 0.050000 0.054167
1 0.228125 0.388542 0.065625 0.060417
0 0.228125 0.570833 0.081250 0.366667
3 0.834375 0.567708 0.062500 0.068750
2 0.834375 0.418750 0.053125 0.070833
0 0.834375 0.609375 0.093750 0.418750
3 0.357812 0.604167 0.071875 0.075000
2 0.357812 0.431250 0.062500 0.083333
0 0.357812 0.646875 0.103125 0.472917
