3 0.265625 0.453125 0.028125 0.022917
1 0.265625 0.358333 0.043750 0.041667
0 0.265625 0.480208 0.059375 0.243750
3 0.568750 0.473958 0.034375 0.035417
2 0.568750 0.379167 0.034375 0.045833
0 0.568750 0.506250 0.065625 0.279167
3 0.639062 0.500000 0.040625 0.041667
1 0.639062 0.376042 0.056250 0.052083
0 0.639062 0.532292 0.071875 0.314583
4 0.814063 0.526042 0.062500 0.081250
2 0.814063 0.397917 0.043750 0.058333
0 0.814063 0.557292 0.078125 0.347917
3 0.353125 0.546875 0.053125 0.056250
1 0.353125 0.391667 0.068750 0.066667
0 0.353125 0.583333 0.084375 0.383333
4 0.476562 0.572917 0.078125 0.100000
1 0.476562 0.401042 0.071875 0.068750
0 0.476562 0.609375 0.093750 0.418750
3 0.900000 0.590625 0.068750 0.072917
1 0.900000 0.407292 0.081250 0.077083
0 0.900000 0.633333 0.100000 0.454167
3 0.142187 0.614583 0.075000 0.083333
1 0.142187 0.416667 0.087500 0.083333
0 0.142187 0.660417 0.106250 0.487500
