3 0.631250 0.465625 0.031250 0.027083
1 0.631250 0.363542 0.046875 0.043750
0 0.631250 0.493750 0.062500 0.262500
4 0.806250 0.505208 0.056250 0.072917
1 0.806250 0.376042 0.056250 0.052083
0 0.806250 0.532292 0.071875 0.314583
3 0.290625 0.533333 0.050000 0.054167
1 0.290625 0.388542 0.065625 0.060417
0 0.290625 0.570833 0.081250 0.366667
3 0.112500 0.567708 0.062500 0.068750
2 0.112500 0.418750 0.053125 0.070833
0 0.112500 0.609375 0.093750 0.418750
3 0.532813 0.604167 0.071875 0.075000
2 0.532813 0.431250 0.062500 0.083333
0 0.532813 0.646875 0.103125 0.472917
