3 0.123438 0.465625 0.031250 0.027083
1 0.123438 0.363542 0.046875 0.043750
0 0.123438 0.493750 0.062500 0.262500
4 0.289062 0.505208 0.056250 0.072917
2 0.289062 0.389583 0.040625 0.054167
0 0.289062 0.532292 0.071875 0.314583
4 0.529687 0.538542 0.065625 0.085417
1 0.529687 0.388542 0.065625 0.060417
0 0.529687 0.570833 0.081250 0.366667
3 0.618750 0.567708 0.062500 0.068750
1 0.618750 0.401042 0.071875 0.068750
0 0.618750 0.609375 0.093750 0.418750
3 0.400000 0.604167 0.071875 0.075000
2 0.400000 0.431250 0.062500 0.083333
0 0.400000 0.646875 0.103125 0.472917
