3 0.315625 0.465625 0.031250 0.027083
1 0.315625 0.363542 0.046875 0.043750
0 0.315625 0.493750 0.062500 0.262500
4 0.498437 0.505208 0.056250 0.072917
1 0.498437 0.376042 0.056250 0.052083
0 0.498437 0.532292 0.071875 0.314583
3 0.245312 0.533333 0.050000 0.054167
1 0.245312 0.388542 0.065625 0.060417
0 0.245312 0.570833 0.081250 0.366667
4 0.767188 0.572917 0.078125 0.100000
1 0.767188 0.401042 0.071875 0.068750
0 0.767188 0.609375 0.093750 0.418750
3 0.115625 0.604167 0.071875 0.075000
1 0.115625 0.410417 0.087500 0.083333
0 0.115625 0.646875 0.103125 0.472917
