3 0.335938 0.465625 0.031250 0.027083
1 0.335938 0.363542 0.046875 0.043750
0 0.335938 0.493750 0.062500 0.262500
4 0.864062 0.505208 0.056250 0.072917
1 0.864062 0.376042 0.056250 0.052083
0 0.864062 0.532292 0.071875 0.314583
4 0.192188 0.538542 0.065625 0.085417
1 0.192188 0.388542 0.065625 0.060417
0 0.192188 0.570833 0.081250 0.366667
4 0.557813 0.572917 0.078125 0.100000
1 0.557813 0.401042 0.071875 0.068750
0 0.557813 0.609375 0.093750 0.418750
4 0.765625 0.609375 0.087500 0.106250
1 0.765625 0.410417 0.087500 0.083333
0 0.765625 0.646875 0.103125 0.472917
5 0.564063 0.839583 0.212500 0.154167
5 0.418750 0.817708 0.271875 0.197917
