4 0.512500 0.458333 0.043750 0.054167
1 0.512500 0.358333 0.043750 0.041667
0 0.512500 0.480208 0.059375 0.243750
4 0.690625 0.479167 0.050000 0.066667
1 0.690625 0.367708 0.046875 0.043750
0 0.690625 0.506250 0.065625 0.279167
3 0.775000 0.500000 0.040625 0.041667
1 0.775000 0.376042 0.056250 0.052083
0 0.775000 0.532292 0.071875 0.314583
4 0.618750 0.526042 0.062500 0.081250
2 0.618750 0.397917 0.043750 0.058333
0 0.618750 0.557292 0.078125 0.347917
4 0.267188 0.552083 0.068750 0.087500
1 0.267188 0.391667 0.068750 0.066667
0 0.267188 0.583333 0.084375 0.383333
4 0.431250 0.572917 0.078125 0.100000
1 0.431250 0.401042 0.071875 0.068750
0 0.431250 0.609375 0.093750 0.418750
4 0.115625 0.595833 0.084375 0.104167
1 0.115625 0.407292 0.081250 0.077083
0 0.115625 0.633333 0.100000 0.454167
3 0.878125 0.614583 0.075000 0.083333
1 0.878125 0.416667 0.087500 0.083333
0 0.878125 0.660417 0.106250 0.487500
5 0.268750 0.793750 0.337500 0.245833
5 0.215625 0.839583 0.212500 0.154167
