4 0.803125 0.458333 0.043750 0.054167
1 0.803125 0.358333 0.043750 0.041667
0 0.803125 0.480208 0.059375 0.243750
3 0.384375 0.473958 0.034375 0.035417
1 0.384375 0.367708 0.046875 0.043750
0 0.384375 0.506250 0.065625 0.279167
3 0.254688 0.500000 0.040625 0.041667
2 0.254688 0.389583 0.040625 0.054167
0 0.254688 0.532292 0.071875 0.314583
3 0.629687 0.520833 0.046875 0.050000
2 0.629687 0.397917 0.043750 0.058333
0 0.629687 0.557292 0.078125 0.347917
4 0.490625 0.552083 0.068750 0.087500
1 0.490625 0.391667 0.068750 0.066667
0 0.490625 0.583333 0.084375 0.383333
4 0.162500 0.572917 0.078125 0.100000
1 0.162500 0.401042 0.071875 0.068750
0 0.162500 0.609375 0.093750 0.418750
3 0.718750 0.590625 0.068750 0.072917
1 0.718750 0.407292 0.081250 0.077083
0 0.718750 0.633333 0.100000 0.454167
5 0.446875 0.794792 0.334375 0.243750
