3 0.387500 0.458333 0.031250 0.029167
1 0.387500 0.360417 0.043750 0.041667
0 0.387500 0.487500 0.062500 0.254167
4 0.720313 0.494792 0.053125 0.068750
1 0.720313 0.372917 0.050000 0.050000
0 0.720313 0.521875 0.068750 0.297917
3 0.834375 0.517708 0.046875 0.047917
1 0.834375 0.381250 0.059375 0.058333
0 0.834375 0.553125 0.078125 0.343750
3 0.254688 0.547917 0.056250 0.058333
2 0.254688 0.408333 0.050000 0.066667
0 0.254688 0.586458 0.087500 0.389583
4 0.126562 0.583333 0.081250 0.100000
1 0.126562 0.402083 0.078125 0.075000
0 0.126562 0.618750 0.096875 0.433333
3 0.531250 0.608333 0.071875 0.079167
1 0.531250 0.412500 0.087500 0.083333
0 0.531250 0.652083 0.103125 0.479167
