3 0.598437 0.458333 0.031250 0.029167
2 0.598437 0.370833 0.031250 0.041667
0 0.598437 0.487500 0.062500 0.254167
4 0.309375 0.494792 0.053125 0.068750
1 0.309375 0.372917 0.050000 0.050000
0 0.309375 0.521875 0.068750 0.297917
3 0.896875 0.517708 0.046875 0.047917
2 0.896875 0.395833 0.043750 0.058333
0 0.896875 0.553125 0.078125 0.343750
3 0.154688 0.547917 0.056250 0.058333
1 0.154688 0.391667 0.068750 0.066667
0 0.154688 0.586458 0.087500 0.389583
4 0.476562 0.583333 0.081250 0.100000
1 0.476562 0.402083 0.078125 0.075000
0 0.476562 0.618750 0.096875 0.433333
3 0.803125 0.608333 0.071875 0.079167
2 0.803125 0.433333 0.062500 0.083333
0 0.803125 0.652083 0.103125 0.479167
