3 0.310937 0.453125 0.028125 0.022917
1 0.310937 0.358333 0.043750 0.041667
0 0.310937 0.480208 0.059375 0.243750
3 0.157812 0.473958 0.034375 0.035417
2 0.157812 0.379167 0.034375 0.045833
0 0.157812 0.506250 0.065625 0.279167
4 0.607812 0.505208 0.056250 0.072917
1 0.607812 0.376042 0.056250 0.052083
0 0.607812 0.532292 0.071875 0.314583
3 0.457813 0.520833 0.046875 0.050000
1 0.457813 0.383333 0.059375 0.058333
0 0.457813 0.557292 0.078125 0.347917
4 0.796875 0.552083 0.068750 0.087500
2 0.796875 0.408333 0.050000 0.066667
0 0.796875 0.583333 0.084375 0.383333
