3 0.364063 0.458333 0.031250 0.029167
1 0.364063 0.360417 0.043750 0.041667
0 0.364063 0.487500 0.062500 0.254167
3 0.892188 0.489583 0.037500 0.037500
1 0.892188 0.372917 0.050000 0.050000
0 0.892188 0.521875 0.068750 0.297917
3 0.812500 0.517708 0.046875 0.047917
1 0.812500 0.381250 0.059375 0.058333
0 0.812500 0.553125 0.078125 0.343750
3 0.700000 0.547917 0.056250 0.058333
1 0.700000 0.391667 0.068750 0.066667
0 0.700000 0.586458 0.087500 0.389583
3 0.181250 0.578125 0.065625 0.068750
1 0.181250 0.402083 0.078125 0.075000
0 0.181250 0.618750 0.096875 0.433333
3 0.565625 0.608333 0.071875 0.079167
2 0.565625 0.433333 0.062500 0.083333
0 0.565625 0.652083 0.103125 0.479167
