4 0.309375 0.458333 0.043750 0.054167
1 0.309375 0.358333 0.043750 0.041667
0 0.309375 0.480208 0.059375 0.243750
4 0.500000 0.479167 0.050000 0.066667
1 0.500000 0.367708 0.046875 0.043750
0 0.500000 0.506250 0.065625 0.279167
3 0.184375 0.500000 0.040625 0.041667
1 0.184375 0.376042 0.056250 0.052083
0 0.184375 0.532292 0.071875 0.314583
3 0.385937 0.520833 0.046875 0.050000
1 0.385937 0.383333 0.059375 0.058333
0 0.385937 0.557292 0.078125 0.347917
3 0.723437 0.546875 0.053125 0.056250
1 0.723437 0.391667 0.068750 0.066667
0 0.723437 0.583333 0.084375 0.383333
3 0.850000 0.567708 0.062500 0.068750
1 0.850000 0.401042 0.071875 0.068750
0 0.850000 0.609375 0.093750 0.418750
3 0.100000 0.590625 0.068750 0.072917
2 0.100000 0.427083 0.059375 0.079167
0 0.100000 0.633333 0.100000 0.454167
3 0.607812 0.614583 0.075000 0.083333
2 0.607812 0.437500 0.062500 0.083333
0 0.607812 0.660417 0.106250 0.487500
