3 0.734375 0.465625 0.031250 0.027083
2 0.734375 0.375000 0.034375 0.045833
0 0.734375 0.493750 0.062500 0.262500
3 0.471875 0.500000 0.040625 0.041667
2 0.471875 0.389583 0.040625 0.054167
0 0.471875 0.532292 0.071875 0.314583
3 0.873437 0.533333 0.050000 0.054167
1 0.873437 0.388542 0.065625 0.060417
0 0.873437 0.570833 0.081250 0.366667
3 0.151562 0.567708 0.062500 0.068750
2 0.151562 0.418750 0.053125 0.070833
0 0.151562 0.609375 0.093750 0.418750
3 0.601562 0.604167 0.071875 0.075000
2 0.601562 0.431250 0.062500 0.083333
0 0.601562 0.646875 0.103125 0.472917
