3 0.235937 0.458333 0.031250 0.029167
2 0.235937 0.370833 0.031250 0.041667
0 0.235937 0.487500 0.062500 0.254167
4 0.646875 0.494792 0.053125 0.068750
1 0.646875 0.372917 0.050000 0.050000
0 0.646875 0.521875 0.068750 0.297917
4 0.862500 0.522917 0.062500 0.079167
1 0.862500 0.381250 0.059375 0.058333
0 0.862500 0.553125 0.078125 0.343750
3 0.548438 0.547917 0.056250 0.058333
2 0.548438 0.408333 0.050000 0.066667
0 0.548438 0.586458 0.087500 0.389583
4 0.423438 0.583333 0.081250 0.100000
2 0.423438 0.420833 0.056250 0.075000
0 0.423438 0.618750 0.096875 0.433333
4 0.735938 0.613542 0.087500 0.110417
1 0.735938 0.412500 0.087500 0.083333
0 0.735938 0.652083 0.103125 0.479167
