3 0.810937 0.453125 0.028125 0.022917
1 0.810937 0.358333 0.043750 0.041667
0 0.810937 0.480208 0.059375 0.243750
4 0.279687 0.479167 0.050000 0.066667
2 0.279687 0.379167 0.034375 0.045833
0 0.279687 0.506250 0.065625 0.279167
3 0.698438 0.500000 0.040625 0.041667
1 0.698438 0.376042 0.056250 0.052083
0 0.698438 0.532292 0.071875 0.314583
3 0.454688 0.520833 0.046875 0.050000
1 0.454688 0.383333 0.059375 0.058333
0 0.454688 0.557292 0.078125 0.347917
4 0.350000 0.552083 0.068750 0.087500
1 0.350000 0.391667 0.068750 0.066667
0 0.350000 0.583333 0.084375 0.383333
3 0.110937 0.567708 0.062500 0.068750
1 0.110937 0.401042 0.071875 0.068750
0 0.110937 0.609375 0.093750 0.418750
3 0.543750 0.590625 0.068750 0.072917
1 0.543750 0.407292 0.081250 0.077083
0 0.543750 0.633333 0.100000 0.454167
5 0.609375 0.808333 0.300000 0.216667
