3 0.467187 0.453125 0.028125 0.022917
1 0.467187 0.358333 0.043750 0.041667
0 0.467187 0.480208 0.059375 0.243750
3 0.109375 0.473958 0.034375 0.035417
1 0.109375 0.367708 0.046875 0.043750
0 0.109375 0.506250 0.065625 0.279167
3 0.826562 0.500000 0.040625 0.041667
2 0.826562 0.389583 0.040625 0.054167
0 0.826562 0.532292 0.071875 0.314583
3 0.598437 0.520833 0.046875 0.050000
1 0.598437 0.383333 0.059375 0.058333
0 0.598437 0.557292 0.078125 0.347917
4 0.356250 0.552083 0.068750 0.087500
1 0.356250 0.391667 0.068750 0.066667
0 0.356250 0.583333 0.084375 0.383333
4 0.192188 0.572917 0.078125 0.100000
1 0.192188 0.401042 0.071875 0.068750
0 0.192188 0.609375 0.093750 0.418750
4 0.704688 0.619792 0.090625 0.114583
1 0.704688 0.416667 0.087500 0.083333
0 0.704688 0.660417 0.106250 0.487500
