3 0.585938 0.453125 0.028125 0.022917
1 0.585938 0.358333 0.043750 0.041667
0 0.585938 0.480208 0.059375 0.243750
3 0.842187 0.473958 0.034375 0.035417
2 0.842187 0.379167 0.034375 0.045833
0 0.842187 0.506250 0.065625 0.279167
3 0.384375 0.500000 0.040625 0.041667
1 0.384375 0.376042 0.056250 0.052083
0 0.384375 0.532292 0.071875 0.314583
3 0.128125 0.520833 0.046875 0.050000
1 0.128125 0.383333 0.059375 0.058333
0 0.128125 0.557292 0.078125 0.347917
3 0.210938 0.546875 0.053125 0.056250
1 0.210938 0.391667 0.068750 0.066667
0 0.210938 0.583333 0.084375 0.383333
3 0.300000 0.567708 0.062500 0.068750
1 0.300000 0.401042 0.071875 0.068750
0 0.300000 0.609375 0.093750 0.418750
4 0.704688 0.595833 0.084375 0.104167
1 0.704688 0.407292 0.081250 0.077083
0 0.704688 0.633333 0.100000 0.454167
