3 0.282813 0.465625 0.031250 0.027083
2 0.282813 0.375000 0.034375 0.045833
0 0.282813 0.493750 0.062500 0.262500
3 0.440625 0.500000 0.040625 0.041667
2 0.440625 0.389583 0.040625 0.054167
0 0.440625 0.532292 0.071875 0.314583
4 0.831250 0.538542 0.065625 0.085417
1 0.831250 0.388542 0.065625 0.060417
0 0.831250 0.570833 0.081250 0.366667
3 0.139063 0.567708 0.062500 0.068750
1 0.139063 0.401042 0.071875 0.068750
0 0.139063 0.609375 0.093750 0.418750
3 0.573438 0.604167 0.071875 0.075000
1 0.573438 0.410417 0.087500 0.083333
0 0.573438 0.646875 0.103125 0.472917
