3 0.681250 0.453125 0.028125 0.022917
1 0.681250 0.358333 0.043750 0.041667
0 0.681250 0.480208 0.059375 0.243750
4 0.221875 0.479167 0.050000 0.066667
1 0.221875 0.367708 0.046875 0.043750
0 0.221875 0.506250 0.065625 0.279167
4 0.775000 0.505208 0.056250 0.072917
1 0.775000 0.376042 0.056250 0.052083
0 0.775000 0.532292 0.071875 0.314583
3 0.396875 0.520833 0.046875 0.050000
2 0.396875 0.397917 0.043750 0.058333
0 0.396875 0.557292 0.078125 0.347917
3 0.515625 0.546875 0.053125 0.056250
2 0.515625 0.408333 0.050000 0.066667
0 0.515625 0.583333 0.084375 0.383333
3 0.600000 0.567708 0.062500 0.068750
1 0.600000 0.401042 0.071875 0.068750
0 0.600000 0.609375 0.093750 0.418750
3 0.873437 0.590625 0.068750 0.072917
1 0.873437 0.407292 0.081250 0.077083
0 0.873437 0.633333 0.100000 0.454167
