3 0.360938 0.465625 0.031250 0.027083
2 0.360938 0.375000 0.034375 0.045833
0 0.360938 0.493750 0.062500 0.262500
4 0.668750 0.505208 0.056250 0.072917
1 0.668750 0.376042 0.056250 0.052083
0 0.668750 0.532292 0.071875 0.314583
4 0.478125 0.538542 0.065625 0.085417
1 0.478125 0.388542 0.065625 0.060417
0 0.478125 0.570833 0.081250 0.366667
3 0.854688 0.567708 0.062500 0.068750
1 0.854688 0.401042 0.071875 0.068750
0 0.854688 0.609375 0.093750 0.418750
4 0.235937 0.609375 0.087500 0.106250
1 0.235937 0.410417 0.087500 0.083333
0 0.235937 0.646875 0.103125 0.472917
5 0.773438 0.802083 0.315625 0.229167
