3 0.865625 0.458333 0.031250 0.029167
1 0.865625 0.360417 0.043750 0.041667
0 0.865625 0.487500 0.062500 0.254167
3 0.553125 0.489583 0.037500 0.037500
1 0.553125 0.372917 0.050000 0.050000
0 0.553125 0.521875 0.068750 0.297917
4 0.239063 0.522917 0.062500 0.079167
1 0.239063 0.381250 0.059375 0.058333
0 0.239063 0.553125 0.078125 0.343750
3 0.687500 0.547917 0.056250 0.058333
1 0.687500 0.391667 0.068750 0.066667
0 0.687500 0.586458 0.087500 0.389583
4 0.346875 0.583333 0.081250 0.100000
2 0.346875 0.420833 0.056250 0.075000
0 0.346875 0.618750 0.096875 0.433333
3 0.109375 0.608333 0.071875 0.079167
2 0.109375 0.433333 0.062500 0.083333
0 0.109375 0.652083 0.103125 0.479167
