3 0.506250 0.458333 0.031250 0.029167
1 0.506250 0.360417 0.043750 0.041667
0 0.506250 0.487500 0.062500 0.254167
3 0.734375 0.489583 0.037500 0.037500
1 0.734375 0.372917 0.050000 0.050000
0 0.734375 0.521875 0.068750 0.297917
3 0.201563 0.517708 0.046875 0.047917
1 0.201563 0.381250 0.059375 0.058333
0 0.201563 0.553125 0.078125 0.343750
3 0.125000 0.547917 0.056250 0.058333
1 0.125000 0.391667 0.068750 0.066667
0 0.125000 0.586458 0.087500 0.389583
4 0.878125 0.583333 0.081250 0.100000
1 0.878125 0.402083 0.078125 0.075000
0 0.878125 0.618750 0.096875 0.433333
4 0.640625 0.613542 0.087500 0.110417
1 0.640625 0.412500 0.087500 0.083333
0 0.640625 0.652083 0.103125 0.479167
5 0.754687 0.836458 0.221875 0.160417
6 0.321875 0.750000 0.200000 0.300000
