3 0.289062 0.458333 0.031250 0.029167
1 0.289062 0.360417 0.043750 0.041667
0 0.289062 0.487500 0.062500 0.254167
4 0.381250 0.494792 0.053125 0.068750
2 0.381250 0.385417 0.037500 0.050000
0 0.381250 0.521875 0.068750 0.297917
4 0.717187 0.522917 0.062500 0.079167
1 0.717187 0.381250 0.059375 0.058333
0 0.717187 0.553125 0.078125 0.343750
3 0.501563 0.547917 0.056250 0.058333
1 0.501563 0.391667 0.068750 0.066667
0 0.501563 0.586458 0.087500 0.389583
3 0.885938 0.578125 0.065625 0.068750
1 0.885938 0.402083 0.078125 0.075000
0 0.885938 0.618750 0.096875 0.433333
4 0.104688 0.613542 0.087500 0.110417
2 0.104688 0.433333 0.062500 0.083333
0 0.104688 0.652083 0.103125 0.479167
5 0.271875 0.814583 0.278125 0.204167
5 0.204687 0.809375 0.293750 0.214583
