4 0.310937 0.458333 0.043750 0.054167
1 0.310937 0.358333 0.043750 0.041667
0 0.310937 0.480208 0.059375 0.243750
3 0.593750 0.473958 0.034375 0.035417
1 0.593750 0.367708 0.046875 0.043750
0 0.593750 0.506250 0.065625 0.279167
3 0.407813 0.500000 0.040625 0.041667
1 0.407813 0.376042 0.056250 0.052083
0 0.407813 0.532292 0.071875 0.314583
3 0.789062 0.520833 0.046875 0.050000
1 0.789062 0.383333 0.059375 0.058333
0 0.789062 0.557292 0.078125 0.347917
3 0.235937 0.546875 0.053125 0.056250
2 0.235937 0.408333 0.050000 0.066667
0 0.235937 0.583333 0.084375 0.383333
4 0.690625 0.572917 0.078125 0.100000
1 0.690625 0.401042 0.071875 0.068750
0 0.690625 0.609375 0.093750 0.418750
4 0.128125 0.595833 0.084375 0.104167
1 0.128125 0.407292 0.081250 0.077083
0 0.128125 0.633333 0.100000 0.454167
4 0.900000 0.619792 0.090625 0.114583
1 0.900000 0.416667 0.087500 0.083333
0 0.900000 0.660417 0.106250 0.487500
