4 0.887500 0.463542 0.046875 0.060417
1 0.887500 0.360417 0.043750 0.041667
0 0.887500 0.487500 0.062500 0.254167
3 0.109375 0.489583 0.037500 0.037500
1 0.109375 0.372917 0.050000 0.050000
0 0.109375 0.521875 0.068750 0.297917
3 0.798438 0.517708 0.046875 0.047917
2 0.798438 0.395833 0.043750 0.058333
0 0.798438 0.553125 0.078125 0.343750
4 0.398438 0.553125 0.071875 0.089583
1 0.398438 0.391667 0.068750 0.066667
0 0.398438 0.586458 0.087500 0.389583
4 0.570312 0.583333 0.081250 0.100000
1 0.570312 0.402083 0.078125 0.075000
0 0.570312 0.618750 0.096875 0.433333
3 0.264062 0.608333 0.071875 0.079167
1 0.264062 0.412500 0.087500 0.083333
0 0.264062 0.652083 0.103125 0.479167
