4 0.384375 0.470833 0.046875 0.058333
2 0.384375 0.375000 0.034375 0.045833
0 0.384375 0.493750 0.062500 0.262500
3 0.810937 0.500000 0.040625 0.041667
1 0.810937 0.376042 0.056250 0.052083
0 0.810937 0.532292 0.071875 0.314583
3 0.139063 0.533333 0.050000 0.054167
2 0.139063 0.404167 0.046875 0.062500
0 0.139063 0.570833 0.081250 0.366667
3 0.517188 0.567708 0.062500 0.068750
2 0.517188 0.418750 0.053125 0.070833
0 0.517188 0.609375 0.093750 0.418750
3 0.248438 0.604167 0.071875 0.075000
1 0.248438 0.410417 0.087500 0.083333
0 0.248438 0.646875 0.103125 0.472917
