3 0.189062 0.453125 0.028125 0.022917
1 0.189062 0.358333 0.043750 0.041667
0 0.189062 0.480208 0.059375 0.243750
3 0.795312 0.473958 0.034375 0.035417
1 0.795312 0.367708 0.046875 0.043750
0 0.795312 0.506250 0.065625 0.279167
3 0.387500 0.500000 0.040625 0.041667
2 0.387500 0.389583 0.040625 0.054167
0 0.387500 0.532292 0.071875 0.314583
4 0.725000 0.526042 0.062500 0.081250
1 0.725000 0.383333 0.059375 0.058333
0 0.725000 0.557292 0.078125 0.347917
4 0.309375 0.552083 0.068750 0.087500
1 0.309375 0.391667 0.068750 0.066667
0 0.309375 0.583333 0.084375 0.383333
3 0.873437 0.567708 0.062500 0.068750
1 0.873437 0.401042 0.071875 0.068750
0 0.873437 0.609375 0.093750 0.418750
4 0.490625 0.595833 0.084375 0.104167
1 0.490625 0.407292 0.081250 0.077083
0 0.490625 0.633333 0.100000 0.454167
3 0.592187 0.614583 0.075000 0.083333
1 0.592187 0.416667 0.087500 0.083333
0 0.592187 0.660417 0.106250 0.487500
