3 0.271875 0.458333 0.031250 0.029167
1 0.271875 0.360417 0.043750 0.041667
0 0.271875 0.487500 0.062500 0.254167
4 0.173437 0.494792 0.053125 0.068750
2 0.173437 0.385417 0.037500 0.050000
0 0.173437 0.521875 0.068750 0.297917
3 0.498437 0.517708 0.046875 0.047917
1 0.498437 0.381250 0.059375 0.058333
0 0.498437 0.553125 0.078125 0.343750
4 0.426563 0.553125 0.071875 0.089583
1 0.426563 0.391667 0.068750 0.066667
0 0.426563 0.586458 0.087500 0.389583
3 0.882812 0.578125 0.065625 0.068750
1 0.882812 0.402083 0.078125 0.075000
0 0.882812 0.618750 0.096875 0.433333
4 0.765625 0.613542 0.087500 0.110417
1 0.765625 0.412500 0.087500 0.083333
0 0.765625 0.652083 0.103125 0.479167
