4 0.889062 0.470833 0.046875 0.058333
1 0.889062 0.363542 0.046875 0.043750
0 0.889062 0.493750 0.062500 0.262500
4 0.575000 0.505208 0.056250 0.072917
1 0.575000 0.376042 0.056250 0.052083
0 0.575000 0.532292 0.071875 0.314583
3 0.257812 0.533333 0.050000 0.054167
1 0.257812 0.388542 0.065625 0.060417
0 0.257812 0.570833 0.081250 0.366667
3 0.375000 0.567708 0.062500 0.068750
1 0.375000 0.401042 0.071875 0.068750
0 0.375000 0.609375 0.093750 0.418750
3 0.767188 0.604167 0.071875 0.075000
1 0.767188 0.410417 0.087500 0.083333
0 0.767188 0.646875 0.103125 0.472917
