4 0.473438 0.463542 0.046875 0.060417
2 0.473438 0.370833 0.031250 0.041667
0 0.473438 0.487500 0.062500 0.254167
3 0.868750 0.489583 0.037500 0.037500
2 0.868750 0.385417 0.037500 0.050000
0 0.868750 0.521875 0.068750 0.297917
4 0.275000 0.522917 0.062500 0.079167
1 0.275000 0.381250 0.059375 0.058333
0 0.275000 0.553125 0.078125 0.343750
4 0.135937 0.553125 0.071875 0.089583
1 0.135937 0.391667 0.068750 0.066667
0 0.135937 0.586458 0.087500 0.389583
4 0.729688 0.583333 0.081250 0.100000
1 0.729688 0.402083 0.078125 0.075000
0 0.729688 0.618750 0.096875 0.433333
3 0.592187 0.608333 0.071875 0.079167
1 0.592187 0.412500 0.087500 0.083333
0 0.592187 0.652083 0.103125 0.479167
5 0.671875 0.832292 0.231250 0.168750
5 0.570312 0.807292 0.300000 0.218750
